BEGIN INCREMENTAL MODELS
D:\school\CL2\NLP\hws\project\neural-complexity\zarpies\models\incremental\gpt2_adapted_zarpiesT1
  44.13399   40.82135   44.31640   37.43136   42.50558   42.97761   40.55479   42.23203   39.41799   37.65009   37.81656   39.12659   40.34138   40.03113   43.09106   47.96016   43.12026   40.67726   38.75075   42.38576   37.13545   46.74563   43.92997   40.25501   38.96978   36.53103   39.32239   47.34008   49.19636   42.15173   54.07372   36.99380   39.48032   43.49520   41.16402   41.78391   38.27621   43.83340   41.18492   56.61629   42.87304   40.62737   40.40871   40.26845   40.33047   43.29631   43.13315   37.87573   38.09947   45.76757   39.32516   38.46565   41.08797   40.50674   47.54984   39.06961   40.16334   42.86002   42.35547   37.76133   43.60197   44.75737   40.50549   40.02176   41.19716   38.14885   43.51778   38.43539   38.69858   43.56487   44.41785   38.09180   45.89709   40.83526   39.70628   44.27812   42.57319   41.35393   44.91490   40.94974   39.99342   40.47885   38.73488   44.71917   41.23055   34.92098   39.60677   39.90825   40.27713   38.54119   40.27881   41.93398   43.36199   38.35571   39.52140   37.90224   39.34226   41.38553   29.60007
D:\school\CL2\NLP\hws\project\neural-complexity\zarpies\models\incremental\distilgpt2_adapted_zarpiesT1
  40.56341   38.88211   40.76880   36.49702   36.57328   38.47972   38.24527   37.71925   34.92642   40.14431   36.57112   35.86351   35.77560   32.58924   38.65930   45.18240   36.49086   34.67480   39.37949   36.31153   32.83488   38.91956   38.05797   37.88191   42.71944   32.70091   36.41277   40.64833   44.58663   35.65770   56.00476   35.49059   33.36818   40.28453   35.99642   39.14149   36.45578   39.33582   36.91541   52.66088   40.65635   36.15840   37.08138   39.19328   34.73246   33.39684   39.67865   33.66327   37.92827   38.84249   35.27035   32.76907   33.71102   35.87936   40.03513   33.01718   34.45611   41.14717   40.77182   33.97936   39.72419   39.45645   35.28150   37.19407   34.91542   34.34676   38.28403   33.77138   38.49819   37.92978   40.89538   36.20499   41.79359   38.55159   33.89108   38.55070   37.10603   36.17035   42.16924   36.16888   33.58213   37.02175   35.42189   39.98106   36.55306   33.25706   33.51575   38.39628   38.62014   37.50338   34.26382   36.83061   42.17614   32.25253   34.22438   33.85903   39.14672   39.86456   28.15124
D:\school\CL2\NLP\hws\project\neural-complexity\zarpies\models\incremental\gpt2_adapted_zarpiesT2
  43.25784   40.57373   45.15329   38.30704   42.37765   43.45851   40.35370   41.75289   41.05660   42.30033   39.85992   37.73184   38.68901   39.78207   43.19980   47.82026   40.18841   40.42282   42.36809   41.92101   37.87420   45.28483   44.34167   40.87386   41.96288   35.68617   39.08121   46.05882   48.85431   40.11372   55.47937   35.30317   38.67761   44.67175   40.93102   42.27129   39.69949   43.58426   41.58278   56.64674   43.67784   41.29109   39.36998   40.21574   40.56451   41.34698   42.52293   37.06019   37.66727   43.05439   37.93183   38.62187   39.48996   40.80451   45.87912   39.71185   40.35001   41.60056   42.42754   37.38049   44.02489   43.15371   39.37482   40.04125   40.49392   39.34690   44.77607   37.34786   39.69897   41.15242   43.09600   38.52469   43.43797   39.72245   38.49435   44.01202   42.32169   40.96421   46.25496   41.02104   38.77978   40.29351   38.19555   43.83066   41.14722   36.24555   39.00136   40.21589   40.11710   38.83284   40.06384   42.07536   45.79570   37.83523   39.09792   37.65059   40.79005   41.55275   31.85350
D:\school\CL2\NLP\hws\project\neural-complexity\zarpies\models\incremental\distilgpt2_adapted_zarpiesT2
  42.17875   42.84866   44.56430   39.14598   40.26696   42.59225   41.59792   41.25811   38.84355   42.40392   40.35296   38.14547   40.05146   36.28871   40.64486   46.74811   38.79558   37.85716   41.36920   39.75625   36.23507   42.44788   40.09072   39.75994   44.90877   36.20402   39.71640   42.90441   47.68637   38.36847   56.31293   35.35238   37.33314   43.17254   40.33622   42.34293   40.59022   41.93501   39.35368   55.87526   43.32475   38.75061   39.78468   41.99655   37.07375   34.68786   43.41002   36.98191   41.69656   41.39597   37.57624   36.69921   35.36981   38.58464   41.68256   35.80593   37.43713   42.44188   43.10817   38.10595   42.92143   41.27195   38.06636   40.16546   38.31977   38.01112   42.20324   36.50191   41.35259   39.96506   43.50574   39.77403   44.77221   40.96649   36.49956   43.36914   39.17391   38.89260   45.08170   38.83542   37.27255   40.38830   38.48305   42.99672   38.45346   36.77571   36.77369   41.19523   41.18059   39.32914   37.34844   39.94390   45.89019   34.75035   37.59401   35.93061   41.21785   42.71296   30.83569
D:\school\CL2\NLP\hws\project\neural-complexity\zarpies\models\incremental\gpt2_adapted_zarpiesT3
  51.40411   44.83022   50.76635   46.52611   47.92936   49.24611   44.49829   47.93473   45.28645   48.27390   45.50728   44.24636   45.88332   43.79294   48.31490   53.90466   47.81866   45.66778   50.55869   46.17776   45.05157   51.79523   52.37041   48.21769   46.94765   42.13490   46.83896   51.68029   57.52847   49.22083   59.67938   43.20477   47.91096   50.45823   44.91814   45.10686   45.92517   52.40180   46.09113   60.40962   50.13409   46.74174   44.73286   48.50945   47.22928   49.32432   47.37943   44.41294   45.15480   50.44923   42.73752   44.27461   44.58636   47.47412   51.92227   45.32876   43.56479   47.68185   47.72382   43.95181   47.79248   51.32146   45.81980   44.04465   43.86454   43.37669   49.19579   43.73378   45.48016   48.08503   48.68926   46.04845   50.02705   46.87135   44.35167   49.42210   46.64422   46.95620   51.40457   46.30765   46.96010   47.01348   41.80519   51.36624   51.67858   44.83381   43.46056   47.08249   45.79707   45.81454   47.08729   46.89317   51.41869   46.28416   47.37400   44.80270   47.94917   47.04191   37.31397
D:\school\CL2\NLP\hws\project\neural-complexity\zarpies\models\incremental\distilgpt2_adapted_zarpiesT3
  49.06290   45.39586   50.55139   45.51476   48.71957   50.41675   44.47514   46.99154   42.43235   49.96050   45.07156   43.35366   46.08048   40.67622   47.03508   52.98494   44.30244   43.94076   48.10895   44.62374   44.49436   48.16696   49.10035   47.36631   50.14675   40.51640   44.94177   48.60789   56.09465   44.89754   65.08022   41.87826   42.64202   47.83478   45.40662   43.70588   47.72816   54.01093   45.84898   61.00349   50.67112   45.84111   44.96505   50.09365   43.53805   45.14626   46.24980   40.93776   45.13597   47.82751   41.67657   41.94902   41.38884   46.58269   50.96778   42.36314   42.16542   50.17772   48.08480   43.76118   50.59257   49.55049   44.55542   45.96791   44.82530   43.61668   47.62289   42.42702   47.85250   46.12895   50.36526   47.02923   49.86062   46.56558   41.87077   44.82756   48.27383   43.97676   49.77165   45.75832   41.80046   45.45916   41.08955   51.28928   45.91568   44.64899   42.88964   46.79966   46.56744   45.13282   43.44482   45.87511   52.06449   43.77070   44.05117   44.10003   46.75682   46.46954   37.06728
D:\school\CL2\NLP\hws\project\neural-complexity\zarpies\models\incremental\gpt2_adapted_zarpiesT4
  39.91615   39.50229   43.49500   37.13952   39.47914   41.24429   39.78721   41.23299   39.43550   42.36542   38.15791   38.14100   36.81104   38.76459   41.50584   43.00458   39.85680   40.54465   39.37131   41.01527   36.91504   41.38918   43.98981   40.03387   38.59687   36.39877   39.86965   41.22083   45.30174   38.57552   51.79169   31.46931   39.86456   42.58813   40.88022   41.21351   39.45129   43.06282   38.96885   44.89526   41.45103   39.94190   37.21439   39.56086   38.30555   38.87576   42.10884   36.66843   36.94702   40.15092   36.75781   38.33154   36.74691   37.95625   40.00392   36.80572   40.30533   38.17417   41.14587   35.14212   40.02275   40.62307   40.04211   39.07166   41.14069   39.00533   41.64529   37.08776   38.20789   40.19802   38.84637   35.85388   43.13876   38.27763   37.29417   42.05358   42.06669   36.96413   44.65826   40.24674   39.38325   40.39934   37.88755   35.67376   35.78983   35.95751   36.65939   40.39855   40.69909   36.35720   39.37302   40.16223   43.20950   38.08620   38.49992   35.93027   39.55295   40.60347   25.45650
D:\school\CL2\NLP\hws\project\neural-complexity\zarpies\models\incremental\distilgpt2_adapted_zarpiesT4
  38.03010   37.76208   40.68883   34.85303   37.30746   36.49866   39.02093   37.38317   36.57373   39.64231   36.94229   36.00491   34.12151   33.40986   38.26704   43.82332   35.36491   33.81525   36.41655   35.57619   33.39234   37.98427   38.59863   38.53512   39.74146   34.44755   36.57330   38.21637   43.33970   35.75357   52.82770   32.81780   34.54807   40.66911   35.51579   38.95831   37.22845   38.94746   36.55457   44.61720   41.95664   35.75018   36.14621   35.94163   33.60830   33.53694   40.75527   33.92504   35.59549   33.56768   33.57149   34.75797   32.16496   36.15991   36.53989   34.07808   34.78517   34.33479   41.36121   33.34344   35.58994   39.48830   34.98747   38.11984   37.31644   36.92023   39.51055   34.38829   39.16714   35.95359   39.70272   36.49620   39.84664   36.61644   34.69151   40.71281   36.39998   34.68388   40.52586   33.96217   34.34665   37.23884   36.61565   34.21433   35.30502   35.31702   33.74477   38.85155   40.11108   33.73318   34.52343   37.46535   43.93878   33.47196   33.50604   33.31929   36.39422   38.16363   26.64404
D:\school\CL2\NLP\hws\project\neural-complexity\zarpies\models\incremental\gpt2_adapted_zarpiesOriginalGeneric
  51.34285   50.50677   51.19524   50.26545   52.71069   49.94981   46.41166   49.39188   44.46155   54.87436   45.69467   44.12313   50.21242   40.27229   52.63740   53.06384   48.44396   55.34385   61.09540   45.18164   45.99340   52.79280   51.57225   45.33367   61.46547   44.07816   49.71919   56.91763   55.72503   51.16595   70.50558   44.93208   49.03323   47.78131   46.97176   52.50261   48.65456   60.08022   55.80347   66.07571   59.66435   48.93983   46.54160   55.71571   46.77330   46.04541   52.18988   43.83859   47.94003   53.06588   44.86475   43.35168   44.12056   46.89016   50.45635   40.78706   43.46440   50.82652   49.12423   47.34792   54.00900   55.81540   45.11814   45.68829   50.50656   48.12471   49.67807   45.07919   52.59126   48.05788   55.25684   55.30865   58.61342   49.06431   49.28325   51.36922   47.75486   48.21902   54.43820   47.81400   47.76381   45.97830   42.84151   53.42657   48.40580   48.54316   42.86574   50.17472   57.42477   46.99096   46.79292   47.67002   51.55910   49.98276   50.03501   46.65752   60.54425   50.61140   37.48162
D:\school\CL2\NLP\hws\project\neural-complexity\zarpies\models\incremental\distilgpt2_adapted_zarpiesOriginalGeneric
  49.68368   51.63831   50.32777   50.19319   47.98801   50.50096   47.62918   48.29763   41.70582   54.50666   45.54184   42.82885   49.17183   39.78145   49.57789   53.31317   45.33210   56.05364   60.20627   45.23566   44.05571   50.05040   51.19739   45.11052   58.31804   43.62267   48.53440   54.80934   55.15036   47.64605   73.15792   43.94036   47.40916   48.88408   46.01897   50.74056   50.46239   58.60553   56.52442   63.23114   61.19422   47.86163   45.64946   53.11880   43.23028   46.45380   49.79288   41.34793   49.87124   48.88830   42.70677   42.67017   42.10431   45.26787   46.43161   39.72126   42.43510   51.17247   49.13626   46.24935   53.87877   52.90203   43.62626   47.14415   49.32694   46.67697   47.52428   46.60997   52.65678   46.36203   55.04971   51.85536   57.06082   47.67712   49.59637   47.68082   47.31839   44.51666   52.78714   46.11424   45.78719   45.81290   42.35158   53.16613   44.69207   48.98319   42.38406   49.53470   54.51075   44.80980   42.33783   46.52489   53.65870   47.53821   48.02740   46.88625   57.89856   51.97822   33.91322
D:\school\CL2\NLP\hws\project\neural-complexity\zarpies\models\incremental\gpt2_adapted_zarpiesOriginalSpecific
  51.44919   52.56716   52.53343   51.31835   53.98766   50.28667   46.12085   50.94044   45.73585   57.28090   47.75352   45.39529   49.94601   41.92542   52.06827   54.68159   48.41386   53.67633   64.12847   45.51495   46.93289   52.52938   51.79027   47.47117   62.95753   44.80325   50.62453   58.29405   56.91846   52.11723   73.50507   45.50957   49.25270   50.00946   48.29651   52.72826   50.77632   59.08432   55.03160   66.98631   61.38365   50.00434   46.81915   57.34808   47.19244   47.11382   51.97551   44.60703   46.84924   53.73576   45.02875   43.61367   44.41102   47.60495   50.34492   41.44274   43.49086   49.81081   49.38194   49.47613   54.59189   56.33490   47.22367   46.82278   51.64728   48.32558   50.53632   45.51191   52.42943   47.45037   53.69210   55.29868   59.46970   50.20264   49.91029   52.01926   49.65601   49.57820   54.48618   48.43061   49.37830   46.44159   43.57973   55.78138   48.59854   48.40167   44.35732   52.03520   58.98487   47.23118   48.28159   47.86045   54.28134   51.27856   50.40777   48.55766   62.62137   51.94175   38.23183
D:\school\CL2\NLP\hws\project\neural-complexity\zarpies\models\incremental\distilgpt2_adapted_zarpiesOriginalSpecific
  46.47999   49.69094   47.81672   47.04215   46.54104   47.36879   45.18856   47.07842   40.66383   52.79423   44.04503   41.45058   46.74690   37.83877   47.43541   50.97875   43.49843   54.32520   59.05241   43.68406   42.26614   48.51971   47.40322   41.85373   56.20389   43.13488   45.83934   53.34509   53.47990   46.09065   70.54224   41.47069   45.13326   47.41205   44.05544   48.37561   48.35361   56.61718   54.11373   60.48252   60.65710   45.31047   43.16187   51.13262   41.60708   43.18666   47.52612   39.96956   47.55672   47.07335   40.48131   40.37791   40.04552   42.70200   44.71577   38.45663   40.83914   48.51527   46.84459   44.63090   51.17202   50.68391   41.47229   45.78880   48.19810   45.11400   46.23427   45.70544   51.47046   43.74196   51.47712   49.36320   53.25872   45.78780   46.35614   46.45432   46.08367   42.94283   51.10273   43.70044   42.77719   43.63060   40.12264   51.01678   42.76754   45.53588   41.36810   47.12518   51.56683   42.76226   41.18864   43.92831   51.19419   43.62868   45.25634   44.13655   57.02724   49.16936   34.59297
BEGIN MASKED MODELS
D:\school\CL2\NLP\hws\project\neural-complexity\zarpies\models\masked\bert-base-uncased_adapted_zarpiesT1
  48.42374   52.18087   40.18718   41.70294   33.60246   59.09936   36.73439   46.02720   45.56412   50.46750   40.55962   34.71691   40.78977   37.23674   37.62081   50.29477   46.11831   39.88693   30.75877   43.16275   34.03772   36.28109   55.93250   46.62440   34.53328   29.96840   35.45861   24.35053   53.04395   37.52908   58.85231   47.36308   33.74547   51.86594   45.65839   37.79532   49.81844   45.74898   35.46243   64.80059   43.00195   46.98282   41.97133   44.33592   34.84072   31.82272   42.68050   29.36248   46.72324   62.97430   46.61275   42.33415   44.28124   46.10398   34.77389   37.70796   45.24641   52.25968   52.58555   40.22635   52.16723   51.11683   44.79176   49.56662   40.16530   34.76055   32.37491   32.71782   33.00772   43.90626   44.19132   23.76445   35.66988   30.23682   42.65923   50.52653   37.28695   35.85022   53.92024   44.06369   30.08525   47.40192   38.38687   47.88971   46.02653   28.19110   41.42687   42.31602   20.50769   45.04912   48.98852   46.09373   58.57826   50.17554   43.64625   43.45251   36.17207   48.18534   48.11963
D:\school\CL2\NLP\hws\project\neural-complexity\zarpies\models\masked\roberta-base_adapted_zarpiesT1
  63.33210   61.39750   68.13496   52.02707   57.03963   53.45176   62.11463   53.96434   55.26728   67.25554   60.72162   52.74932   66.24326   54.09655   63.70197   57.29961   53.22278   63.75594   77.59107   58.40378   60.02777   57.69154   54.18612   56.26083   68.32045   62.06591   62.74898   69.18003   56.34320   56.96374   75.25881   50.47195   57.31561   55.13846   52.53591   58.87625   57.72747   59.07867   69.35197   70.35448   67.81280   53.73743   56.52936   68.04117   56.88766   64.58788   55.14529   56.45537   63.84622   59.42731   53.12668   58.06301   53.53026   55.75418   58.12968   52.82164   52.67285   55.03929   56.75605   54.95823   61.79409   60.23042   52.24961   54.29917   64.41610   56.01391   57.56236   65.41660   54.20497   53.28241   55.71160   55.96221   62.44236   55.79989   58.42009   63.86287   55.57312   52.92838   57.70476   53.45783   51.51473   56.59476   61.92917   56.78161   59.67494   58.70215   52.97919   57.71709   68.17318   51.81518   54.64715   56.58147   56.47745   50.70357   56.11995   53.16272   64.07249   52.64209   44.76666
D:\school\CL2\NLP\hws\project\neural-complexity\zarpies\models\masked\albert-base-v1_adapted_zarpiesT1
  70.96710   90.94860   77.92686   65.33950   63.22959   89.15692   70.39237   69.46411   75.86310   67.19528   75.43038   72.66734   88.17579   78.68784   86.71788   81.41695   60.56016   87.79280   80.20184   70.18806   76.97443   94.47489   74.28171   71.85641   67.72858   79.73262   95.13629  135.23142   80.93672   71.34150   87.18670   67.50363   77.84638   77.08203   75.64279   92.67748   73.87125   91.51365   99.20745   91.58360  105.37432   65.99422   74.56148   76.11179   59.31572  107.15391   83.69963   77.18972   73.19482   91.57919   62.56475   67.99720   64.53556   57.69396   77.18644   77.28977   72.45724   72.53927   73.48518   73.43462   66.52234   80.65449   77.67967   63.89326   93.03249   76.96720   94.01136   85.26490   76.65422   63.74400   74.79501   84.56445   99.96595   93.51376   71.18942   76.93260   64.39396   68.63469   71.86790   68.04366   87.96266   65.89581   80.26937  122.89290   82.14849   75.69337   74.11461   76.89004   97.56193   63.26549   70.12142   71.00416   85.89159   76.07035   73.20098   64.78877   79.06108   78.86719   57.51420
D:\school\CL2\NLP\hws\project\neural-complexity\zarpies\models\masked\google_electra-base-generator_adapted_zarpiesT1
  26.19847   26.60507   24.07157   24.35427   19.00427   30.84009   22.60127   27.92407   25.20560   27.78800   26.16884   17.15886   23.42341   12.75052   19.23496   31.03453   18.91547   26.30348   22.27534   23.80991   21.90437   22.41060   31.15731   21.18290   13.99214   13.36602   19.47055   23.99264   33.30755   24.16681   26.41420   23.56261   16.52110   32.28665   29.25385   23.50020   28.59126   24.70126   20.26978   40.94794   34.17019   32.54700   24.36465   21.00141   19.84774   13.41004   28.67460    8.07907   23.49097   35.43526   22.45201   19.10801   17.46256   22.75876   17.89607   16.63726   23.48257   26.39278   26.58066   17.46901   27.62181   35.26721   25.45444   27.04464   16.93475   23.90266   19.53788   21.77993   23.37431   23.89414   29.58064   11.67977   31.90731    7.39196   13.62299   19.72662   13.84867   19.80628   34.82157   31.45661   18.93481   23.47921   21.16144   30.78076   23.41946    9.79710   20.12194   24.25803    6.75841   25.92248   18.84914   27.55746   34.50239   20.79404   38.78631   25.52391   21.57015   29.65021   21.83989
D:\school\CL2\NLP\hws\project\neural-complexity\zarpies\models\masked\bert-base-uncased_adapted_zarpiesT2
  41.17699   47.63788   43.04134   38.79621   30.53626   53.42092   35.67741   44.48326   44.00165   42.32985   36.47152   32.92915   37.58184   40.31894   39.19988   50.33951   42.40017   36.57468   28.41116   38.85385   33.85166   30.33099   54.28048   41.37969   26.33520   27.73865   31.71790   21.22393   57.29631   36.72856   56.04210   44.89768   31.53175   49.67910   42.25085   34.32047   43.86851   43.32652   24.83425   59.78203   42.74914   40.69262   40.65694   42.06228   32.46839   28.47273   39.68188   28.66210   39.78879   60.19917   43.81446   38.25785   41.99882   44.40590   32.42795   34.46395   45.36041   51.13246   48.45044   37.03536   47.67636   47.93644   43.75315   44.88611   38.02879   32.59378   31.25829   30.87507   28.05852   41.91265   42.80398   20.57712   34.83879   27.59418   38.24430   43.96555   31.63759   34.11140   48.88676   41.42280   27.60363   41.76906   34.49320   40.47346   44.18575   24.98889   37.15548   39.57577   14.61184   42.76663   47.38688   42.25004   58.99261   46.34827   39.30254   41.99304   34.53373   44.94271   48.70175
D:\school\CL2\NLP\hws\project\neural-complexity\zarpies\models\masked\roberta-base_adapted_zarpiesT2
  58.96582   54.64798   61.48706   51.86331   53.79385   53.09305   55.65764   54.17497   54.18557   64.09094   54.78978   52.87259   51.23403   52.15204   61.13077   56.35328   51.55067   51.46797   62.54781   53.85302   57.81878   54.87371   53.59549   53.22561   63.28286   55.97164   58.25796   59.47780   56.19432   50.56433   71.47885   51.74093   53.83831   54.09090   50.55529   58.16807   55.09112   53.34768   55.66630   58.99949   59.93880   53.19504   52.75841   63.80793   54.43251   55.75429   54.50258   55.72695   57.10751   56.16257   53.37594   53.67382   51.16312   52.84848   56.32305   50.02967   51.93165   50.90058   56.07790   53.10736   60.49162   56.41305   51.64417   52.68867   58.24852   51.84520   58.71409   51.93754   51.04580   52.70463   51.22522   46.48919   54.99033   54.18567   54.68300   60.49722   55.14391   52.01833   56.09929   50.84026   47.39109   53.82488   56.14418   55.65297   54.43617   54.56364   50.39380   54.37870   51.28271   52.35297   52.58283   53.81133   54.20763   51.03672   50.99399   51.43500   56.16410   49.12965   42.58496
D:\school\CL2\NLP\hws\project\neural-complexity\zarpies\models\masked\albert-base-v1_adapted_zarpiesT2
  76.45909   92.09663   75.72319   68.32829   74.61391   68.13977   74.88257   73.88079   74.07862   66.56514   80.94214   73.17057   89.00091   76.43223   89.19670   66.93606   65.91023   91.08295   87.80385   81.60503   79.75962   85.81065   70.61355   78.00107   81.89728   92.43772   88.63994  124.67955   69.10642   78.43028   94.40596   64.96116   74.52909   66.32092   74.95598   86.72447   79.94101   85.59718   98.54032   85.16151  110.28064   73.23772   77.27685   73.72066   62.82064  100.86289   80.59119   77.21198   71.94298   77.70405   70.27441   70.69925   71.31335   60.72002   80.24876   80.63216   69.77885   70.71271   72.27431   80.75295   63.35409   84.23847   75.78252   68.67677   89.68546   76.14808   90.93114   87.96696   90.53993   69.31221   83.25116   98.67579   86.93937   83.06316   78.16112   99.38350   68.91795   79.43286   76.78831   69.07086   86.74948   71.06259   82.84799  103.67401   86.35610   75.88972   66.78207   84.54919   98.91948   63.59588   68.25422   78.02722   79.70964   63.48629   80.85208   65.10467   90.75516   82.69060   63.21020
D:\school\CL2\NLP\hws\project\neural-complexity\zarpies\models\masked\google_electra-base-generator_adapted_zarpiesT2
  25.39971   23.45089   22.67886   20.70996   14.61539   32.90646   18.99953   28.01737   22.76916   24.97221   24.09110   15.75163   22.51564   10.87846   18.94909   33.66667   18.38983   28.56595   20.68302   22.72121   19.67034   16.85170   31.62540   18.28509   13.37950   13.08605   15.32897   22.51973   33.01055   21.82770   28.23850   26.90833   15.95241   31.69495   33.85034   25.51081   27.22013   22.07252   19.60025   43.44930   30.41333   28.49475   21.97515   21.95539   17.96619   10.36160   26.38431    8.76103   21.97480   28.13083   23.27170   17.05045   17.23225   23.38348   15.01442   15.92915   22.43637   26.06423   25.35482   14.81375   22.74268   35.04794   23.69486   24.62362   17.08150   17.70801   17.08643   18.62449   25.83117   23.36063   28.71449   13.52615   32.00171    7.75151   13.74060   19.48531   13.53878   20.48770   34.49624   28.43065   16.47444   21.06980   22.62621   27.52194   21.56138    9.07446   19.86402   22.88334    6.95982   24.45534   16.95320   26.84900   33.53870   20.78080   35.87993   26.49816   20.75472   27.81939   20.03273
D:\school\CL2\NLP\hws\project\neural-complexity\zarpies\models\masked\bert-base-uncased_adapted_zarpiesT3
  45.30129   50.86940   47.95406   42.46202   32.33275   57.06428   40.49867   47.14680   44.04146   47.65388   40.69017   38.51432   43.02186   41.28651   39.98715   51.80367   46.40621   40.91696   29.68476   41.74700   36.04656   35.65989   54.39934   45.27556   32.74381   28.83029   35.62784   28.33208   57.94904   43.70894   56.72111   46.72361   34.32562   48.67903   46.34906   34.48394   46.63664   49.31404   28.77795   61.89927   41.74700   43.65742   44.65564   44.40214   34.73672   31.09586   42.49176   35.78562   43.38672   56.81629   47.05609   41.86922   45.00592   46.90555   37.44952   38.23937   49.10832   53.59780   48.39415   36.95206   51.29948   51.38538   46.38846   50.26376   38.56697   34.69584   33.42012   30.46896   31.88217   45.34157   45.93055   24.82749   34.74489   29.91356   44.88724   47.80680   33.52353   38.39031   50.43024   45.08452   32.53332   47.24271   37.73376   47.47538   44.56712   28.72791   41.88821   42.07635   19.17947   46.29049   47.45172   45.41499   62.89298   49.02825   43.31828   45.41577   37.33917   49.27012   48.73072
D:\school\CL2\NLP\hws\project\neural-complexity\zarpies\models\masked\roberta-base_adapted_zarpiesT3
  61.63898   58.19816   65.87804   54.21253   56.26904   53.86252   59.02230   55.76544   55.57500   63.90973   57.34459   52.76330   56.99811   53.15589   63.00755   58.05382   52.72382   57.35110   67.71148   55.95410   57.64614   58.35556   55.42194   54.21536   65.35021   58.40528   60.47080   62.74033   57.70621   54.85983   69.83561   51.18781   55.89444   54.56727   52.26101   58.77722   57.54612   58.80502   61.43069   65.27994   63.76190   54.81968   54.05349   64.64352   54.54368   60.82494   54.02262   55.78041   62.30586   59.82736   53.93285   53.10811   52.58962   55.61820   56.03218   51.20083   52.94291   53.45726   57.86273   54.51412   61.31386   57.04452   52.76828   53.97271   61.70797   52.59249   59.24343   57.56823   53.70334   53.34347   54.56716   47.98672   60.09486   54.92218   57.23894   59.87683   57.24908   52.96337   56.69197   51.78256   50.71732   55.32084   57.30872   56.04185   57.64721   56.25497   52.11002   55.72011   60.34209   53.23482   52.00654   55.35386   56.05671   51.90410   53.04498   52.78331   60.56686   52.95761   44.23703
D:\school\CL2\NLP\hws\project\neural-complexity\zarpies\models\masked\albert-base-v1_adapted_zarpiesT3
  58.76924   69.33832   53.92090   44.84440   49.88828   64.40177   55.71700   53.85081   59.50556   51.11430   63.00488   57.25110   70.97859   63.24693   62.15380   62.91893   44.44423   62.07392   61.40569   58.52907   59.68315   75.08655   54.73664   51.55118   54.50530   60.09711   71.38099   97.83310   64.06488   54.53504   70.62751   47.53622   61.28347   58.64365   52.32647   64.29994   54.17697   65.03579   80.81298   69.35074   78.49051   52.54647   59.78724   60.05128   43.18597   87.16549   65.49564   59.74683   57.68199   67.19509   46.54011   56.12485   50.20572   47.26005   63.48444   63.06940   58.30661   50.60111   54.19091   59.93542   51.85312   64.44259   64.92963   47.85500   77.61299   56.51175   71.94594   64.88461   58.69067   45.25772   59.78911   67.34251   71.66988   72.25993   55.22148   61.58846   54.58303   54.01961   56.66644   54.46404   65.79164   50.88532   61.61042   98.52357   59.77117   57.84639   59.00588   58.40190   71.10926   47.61702   52.66733   60.62013   66.48088   51.22145   58.08888   50.60877   64.01453   64.78939   50.20413
D:\school\CL2\NLP\hws\project\neural-complexity\zarpies\models\masked\google_electra-base-generator_adapted_zarpiesT3
  26.93965   24.44366   19.80838   22.28139   16.96621   35.96922   18.70398   29.49329   24.31158   25.63423   27.06998   16.43441   24.04486   13.05216   20.02046   36.78960   20.50167   30.66817   22.25851   23.65942   19.32756   14.01886   33.58638   20.79293   16.15029   15.77109   19.34718   24.08562   34.32204   23.08362   30.86242   25.60237   17.74503   32.22614   32.43356   27.77470   28.49235   30.46401   18.99277   43.85770   33.52853   30.88611   20.49760   21.86895   20.44644   13.20234   28.47788    9.90380   23.01060   31.90746   25.59052   18.00678   18.12417   22.54738   16.36994   17.04718   24.73603   26.01383   25.59157   17.53016   23.45858   35.00886   26.52452   26.36669   18.54334   21.17959   22.23898   20.97384   25.86211   25.22698   29.51950   14.18193   34.86825    9.80400   16.42938   21.06044   14.74550   21.07099   36.07982   28.61785   16.71651   21.76436   22.61736   30.46136   22.71150   12.09984   21.48649   25.59318    9.92797   25.36840   21.84138   27.48991   32.80756   19.61528   35.94749   27.19671   20.37235   29.07691   21.78016
D:\school\CL2\NLP\hws\project\neural-complexity\zarpies\models\masked\bert-base-uncased_adapted_zarpiesT4
  38.68525   43.21982   39.63834   35.70976   28.30005   52.26002   31.93705   42.24779   40.15212   41.44110   34.17027   32.04611   31.89689   35.51197   34.42363   48.00436   38.88893   35.00984   29.47824   36.50658   31.47921   29.02964   48.26934   38.64326   28.19031   24.43851   30.80293   20.75938   54.22556   32.62811   51.47341   41.05861   26.78795   43.24993   40.15970   31.34865   42.98414   42.33033   24.16300   53.37654   36.51639   38.77317   36.42082   38.56694   30.14960   28.00145   38.68611   26.61695   39.17908   53.20861   43.17898   36.56061   38.28981   40.48421   33.46578   33.63023   42.99800   46.58657   42.89290   30.90886   40.87624   46.29469   38.98054   43.84019   29.77655   28.99695   32.20915   28.26187   28.82360   38.79112   40.86035   19.98427   30.96870   21.31415   31.76072   43.09224   29.92323   33.84800   42.73519   36.94677   28.20452   39.58509   34.68709   36.19834   37.34177   24.20455   34.22134   38.14886   15.38980   40.00458   43.20290   38.38122   52.39324   44.84730   36.26518   38.85811   32.35461   43.12352   42.19363
D:\school\CL2\NLP\hws\project\neural-complexity\zarpies\models\masked\roberta-base_adapted_zarpiesT4
  58.82800   57.66790   59.31455   51.36114   54.72402   51.13948   56.96729   53.92083   55.08702   62.67970   56.82086   50.89315   55.78254   53.22620   59.88804   56.84736   51.29420   50.50069   67.10762   52.83611   57.37793   56.87789   53.91237   52.30910   61.25902   56.16520   58.77014   60.79943   56.11647   52.36114   66.85684   51.80358   54.94891   52.97256   51.04647   59.48549   55.47478   54.63965   60.42565   61.47393   60.40507   53.39697   52.53933   63.81198   54.20542   57.68263   52.27166   54.05120   61.12732   58.12790   51.60264   52.51581   51.10524   52.96593   52.50225   49.75854   50.95199   52.88896   56.30362   53.16678   59.87001   56.78383   49.59414   51.82332   62.01250   55.34372   58.65478   56.78643   53.04225   52.16325   53.77858   48.92310   56.77700   53.15793   55.53849   57.29324   54.79650   52.65797   55.59010   50.51130   51.49181   54.07771   56.21723   54.45360   54.59156   55.63842   51.01865   53.97265   55.11995   51.14553   50.80190   52.92899   54.18499   49.66266   53.96537   52.68512   58.74142   49.39709   41.52242
D:\school\CL2\NLP\hws\project\neural-complexity\zarpies\models\masked\albert-base-v1_adapted_zarpiesT4
  44.88134   54.88019   40.25643   37.52163   40.45822   64.07305   45.35953   45.38878   40.34557   40.35599   49.55365   44.56177   56.60704   47.43487   56.24486   57.67278   36.15750   58.33141   50.04133   42.85437   46.83341   49.62694   48.99478   45.85423   46.38098   52.18915   61.05689   86.24700   59.56431   45.26022   59.59498   46.62881   43.66261   42.64193   48.57795   55.32754   45.03780   61.88103   62.19822   45.97995   72.85127   40.54458   51.19342   51.73226   39.88211   72.14180   48.88469   40.54494   42.52863   54.65939   38.19396   37.52930   43.19239   33.30962   47.73363   47.24668   45.60408   34.04525   43.52122   35.69758   36.59799   46.57166   55.47777   36.26261   52.61269   41.81386   61.09431   54.48611   48.26302   44.07281   41.57357   57.83625   56.88529   47.71692   46.35470   57.10507   36.84217   40.65813   45.21030   43.74463   49.79838   34.88016   49.94385   90.17334   40.48245   40.90778   36.25899   43.91479   63.54601   37.36173   44.38986   40.66996   57.35586   41.71108   40.68780   35.88627   44.59300   47.79968   39.37255
D:\school\CL2\NLP\hws\project\neural-complexity\zarpies\models\masked\google_electra-base-generator_adapted_zarpiesT4
  25.25562   26.56152   29.04800   27.04311   25.28490   29.08018   22.62170   27.40377   26.83352   29.31417   28.47198   14.98769   23.39608   13.90505   20.73446   39.24600   21.59451   30.67629   22.53966   25.91695   22.13595   27.06836   32.89911   20.70888   12.98044   14.95009   24.13161   28.55523   36.05492   25.51016   29.87016   30.26822   16.15127   42.39551   32.30937   24.21802   31.98950   33.55139   23.09454   41.39301   32.17257   27.70908   26.34907   20.84322   21.38443   17.77581   29.06317   12.22890   21.32438   34.72153   21.26730   21.25121   18.12619   21.60669   18.96654   19.51724   23.12245   29.46245   29.63982   19.55038   31.51534   33.54172   22.62101   29.08442   22.81187   29.83915   23.06060   22.59506   26.66785   27.88104   28.61152   13.79159   31.46134    8.25717   12.87374   21.47978   14.40512   21.79653   36.76456   31.94479   17.84550   21.00509   24.21010   38.90334   19.54598   15.50491   24.14738   24.07661    6.53249   25.64166   18.07283   31.61065   37.12711   24.16061   40.85349   26.10222   22.65454   38.42811   25.42827
D:\school\CL2\NLP\hws\project\neural-complexity\zarpies\models\masked\bert-base-uncased_adapted_zarpiesOriginalGeneric
  34.08089   39.97043   27.87809   30.44008   30.43960   39.16439   31.45548   39.20276   32.37011   33.25809   31.31058   29.62750   29.32383   23.13108   28.71682   43.42749   35.00669   29.42689   23.59205   31.33237   26.49532   26.25426   38.86467   33.63684   27.51652   22.93570   26.80388   21.77354   40.52927   31.17120   49.00060   34.76669   30.74561   38.64199   34.23420   28.56408   35.35017   31.94810   25.19837   47.63765   37.76991   35.08984   34.34616   28.96002   28.82732   23.67037   31.65311   23.59532   40.61035   46.23909   39.08045   31.98244   33.09633   36.40058   30.08967   29.74701   38.88869   39.71471   38.24336   27.89045   37.46007   42.08545   35.21837   40.08626   32.74664   28.00540   26.64318   21.57790   25.20276   33.64510   37.61287   20.93029   24.49417   24.94844   28.95773   41.14427   30.00176   28.27124   40.44797   32.29282   27.07248   35.10400   30.09032   37.64259   33.00878   26.14031   29.44047   34.16780   18.67325   35.93110   43.00472   32.69563   40.21029   36.42009   35.61748   38.03666   30.53542   36.62416   40.28315
D:\school\CL2\NLP\hws\project\neural-complexity\zarpies\models\masked\roberta-base_adapted_zarpiesOriginalGeneric
  63.04201   63.63160   83.40401   52.52080   61.61111   56.04332   62.09012   55.79628   57.57377   73.23267   62.16069   54.53054   74.59954   55.69203   70.32316   57.59726   56.34231   69.55797   86.68053   60.39352   68.98162   58.25838   57.65291   59.30974   71.47646   67.00338   65.69353   79.29228   56.19262   67.85858   78.26585   50.95416   60.03700   59.53371   51.75421   66.15669   58.38131   66.89952   88.37067   75.53226   75.68902   55.73483   60.65787   73.41301   58.77047   74.80134   56.79158   62.58989   67.08917   64.59239   55.30227   64.27115   55.55403   57.40515   66.04494   52.84750   54.76429   58.80679   63.76824   54.21367   63.46422   64.29049   54.95272   54.64851   75.03222   59.58763   60.60724   72.54287   63.02951   53.30211   65.34875   65.40374   65.43957   56.83313   60.73680   68.92483   59.39313   52.51511   59.75254   55.72295   56.96468   57.05676   64.73492   58.24666   61.95001   64.53717   54.86720   57.84286   74.48896   53.81298   57.27495   57.81961   56.73772   54.11561   61.23259   54.60066   74.50669   63.61948   52.91512
D:\school\CL2\NLP\hws\project\neural-complexity\zarpies\models\masked\albert-base-v1_adapted_zarpiesOriginalGeneric
  68.53982   76.52420   74.20998   57.79245   69.20673   76.87614   67.87631   60.03065   77.73075   63.81376   68.81085   68.66282   79.10822   75.61522   77.94823   67.41343   57.22501   77.93521   76.40966   72.55534   66.35084   84.88311   67.75184   65.51548   61.35438   72.27085   75.93835  115.81800   65.49274   66.75778   82.10217   58.54739   68.74723   71.89167   68.63202   86.89169   71.13999   76.46132   81.92202   79.84934   81.76318   61.27269   65.19041   67.95006   58.24326   95.90041   76.82793   67.03226   66.41082   75.60029   64.27619   74.37237   67.04030   61.96334   79.53263   67.39063   76.33940   72.18715   68.87538   73.05398   64.50857   76.92546   72.74047   68.34179   83.90452   73.27655   81.66183   83.32514   72.34235   60.04739   67.70912   68.58855   81.59162   83.61320   61.88406   69.62566   73.17413   67.84725   68.40760   61.50890   75.04215   62.75860   79.33856   96.28687   69.26358   73.73182   72.85388   79.14292   80.04881   64.39259   64.92318   70.28158   81.94911   68.81963   72.06565   59.99849   69.03271   73.54591   49.58136
D:\school\CL2\NLP\hws\project\neural-complexity\zarpies\models\masked\google_electra-base-generator_adapted_zarpiesOriginalGeneric
  28.04012   25.62946   16.93247   20.88894   13.36935   35.45644   22.01295   27.69907   23.75520   26.31881   25.77668   15.04798   22.38344    9.17223   20.03674   35.90795   20.29287   25.36271   20.54225   24.21133   19.00235    8.87902   36.03411   19.04048   12.72596   13.62992   14.69322   18.51083   28.69477   20.85406   30.03042   23.82523   18.31427   32.19418   31.03178   26.74855   26.78724   25.32353   18.26804   46.29039   32.78977   30.30406   20.69549   19.91692   17.66872    8.92269   30.96455    7.62776   24.59694   28.44299   25.99385   17.50612   17.81108   25.58139   16.36366   16.00156   24.00057   27.84811   25.91455   16.02814   22.64942   38.21144   23.10732   26.40217   19.29235   19.37187   17.35505   19.95195   27.70527   24.79014   29.93689   11.22564   35.01312    8.37681   15.21677   19.89912   14.79828   19.36359   37.43381   30.25009   19.39155   19.71434   20.30834   24.61538   17.58420   10.13896   20.42071   22.01430    9.64845   27.27673   23.25707   28.75753   31.63969   21.11652   36.85298   25.16765   21.06249   30.59253   21.87787
D:\school\CL2\NLP\hws\project\neural-complexity\zarpies\models\masked\bert-base-uncased_adapted_zarpiesOriginalSpecific
  37.34422   44.00603   25.58508   33.15244   30.11567   46.13286   33.86116   41.70483   34.06981   35.07899   34.96477   31.61554   35.34935   24.27299   32.91691   44.00264   37.48953   30.58751   26.38084   34.23178   25.60834   29.19081   42.06259   37.34500   32.59091   24.82491   27.02521   21.86573   43.64348   36.65212   49.46212   39.84553   30.79775   40.39999   37.42247   33.18242   36.77077   38.68064   23.80906   49.79251   40.13578   39.22573   36.34538   31.68885   31.34065   24.28063   33.98366   30.30152   42.69573   47.39412   42.72239   35.23120   34.75894   38.67140   32.94760   29.90784   38.36126   40.82201   39.01759   29.79820   39.91562   45.35950   37.39939   42.23387   35.52634   27.79720   24.60159   23.66285   29.80373   34.81084   39.03599   23.69084   24.09047   25.02258   32.52704   42.15326   32.54275   30.31067   43.37225   33.16467   28.64495   36.87250   30.81396   38.94589   33.56654   26.63293   29.61533   35.79901   16.84999   39.02211   42.64512   35.59382   40.85479   39.20349   35.36881   39.22810   31.37149   36.84949   41.29029
D:\school\CL2\NLP\hws\project\neural-complexity\zarpies\models\masked\roberta-base_adapted_zarpiesOriginalSpecific
  61.35886   62.77663   76.25263   53.48073   59.01976   57.06293   59.04827   56.83628   56.81552   74.58637   60.35007   53.43185   57.26977   54.58542   66.36411   59.57060   55.70057   58.58211   81.92298   58.91440   59.72152   52.56772   57.44829   57.96873   67.46866   63.18821   59.01581   66.14440   57.68279   56.82035   84.12508   52.53870   57.31446   59.64296   55.08836   64.19997   59.64528   58.51873   68.95771   69.28453   69.33080   56.90124   56.62796   75.75704   56.50673   58.37760   57.86854   58.45724   60.43801   59.11719   56.62006   56.83942   54.24739   56.76184   57.35865   51.83160   55.08196   58.34678   63.64981   54.78520   65.61899   61.96714   54.11665   55.30906   65.98366   57.41743   55.04620   62.59022   55.20588   53.44637   55.34485   53.51418   53.10774   55.33615   57.13465   65.17798   57.17178   52.31223   60.04134   54.72558   51.48667   57.93631   60.18351   54.45777   55.77982   58.58276   52.70869   57.83318   68.33494   53.49565   57.03442   57.87330   55.77606   53.35203   54.31828   53.61966   69.00210   57.13525   41.82232
D:\school\CL2\NLP\hws\project\neural-complexity\zarpies\models\masked\albert-base-v1_adapted_zarpiesOriginalSpecific
  68.98206   75.98325   76.85811   62.45030   70.60657   82.00662   66.79469   60.10883   72.51282   65.43624   70.30645   76.87128   82.73077   73.38548   77.15416   78.80273   57.51004   75.37870   75.68425   70.58628   69.92154   87.08934   77.01478   64.71095   61.76767   68.24845   89.56192  116.07348   72.83745   66.39650   83.60337   66.48752   79.33301   78.55995   79.82307   94.70857   71.10411   77.67240   83.11006   80.28881   79.38436   71.31405   67.72490   66.74734   61.76510  101.77354   78.25962   68.36082   69.14434   83.66143   68.04018   75.89776   66.88495   61.01845   87.07386   66.28641   76.78369   74.34451   76.69550   74.77839   71.80543   85.01882   74.77856   69.63220   87.63003   83.11329   91.33810   82.30975   74.71896   63.24254   71.52169   73.90158   84.69315   76.29756   67.62498   75.26716   72.84444   70.88636   77.12720   67.79248   82.26842   67.02941   74.48968  105.34192   73.09564   76.06250   74.34487   82.03295   78.24656   65.57284   67.30116   73.38811   85.12512   71.92005   73.88787   63.80364   65.33170   69.18742   54.16407
D:\school\CL2\NLP\hws\project\neural-complexity\zarpies\models\masked\google_electra-base-generator_adapted_zarpiesOriginalSpecific
  26.73528   25.64729   18.31397   21.91809   14.71140   34.12743   21.73527   27.50530   22.51007   24.05564   24.47572   15.96345   24.34868    9.50564   19.35584   36.02748   19.21999   24.61522   21.44942   23.60932   18.90346   10.29346   33.38360   18.19441   13.70603   12.89839   13.94460   21.17246   32.27258   21.06360   30.60398   24.43161   16.63188   31.64995   29.21080   23.57925   26.58812   25.96811   18.39715   43.26348   32.42846   30.46906   21.09612   20.34459   15.18862   10.61028   27.91478    8.04205   23.48708   30.56636   23.95250   18.37084   16.87882   24.02757   17.39811   15.48746   22.20542   27.17531   24.65604   16.30289   22.18710   36.84123   22.96343   25.58665   17.80545   19.66906   16.14235   21.50311   26.76882   22.22468   30.57623   11.05742   34.87321    7.61988   14.37819   20.75386   13.72319   18.15412   34.87167   28.98763   17.12515   19.39079   19.99877   25.56822   20.06261   10.42771   18.75845   21.88630    9.79246   26.27772   19.11059   26.78423   34.11838   19.95624   35.89356   25.25618   20.74820   29.86899   21.67067
